version https://git-lfs.github.com/spec/v1
oid sha256:8edabed6973ac03f174af40bdc81c754b2832c372c899d140c7efe3a3b27de5c
size 159464
