version https://git-lfs.github.com/spec/v1
oid sha256:401549d9eede47282101dbb32441ca17012028b58786b775822227c0efd4361e
size 152191
