version https://git-lfs.github.com/spec/v1
oid sha256:a2ed86de4608bf4cd9bbf3708a10bf312a2a18ccdea4d647a18b5170e2f23e6c
size 78508
